
nus(1,:)=[0.0015 -0.0030 5.6750e-04 0.0034 -0.0015 0.0036 1.6960e-04 5.0700e-05];
Gs(1,:)=[2.0747   -4.1114    0.7719    7.7718   -3.3029    8.1007    0.6561    0.1961];

nus(2,:)=[0.001525400000000  -0.003622400000000   0.000567500000000 0.003447400000000  -0.001465100000000   0.003593300000000 0.000169600000000   0.000050700000000];
Gs(2,:)=[1.262468895691455  -2.998011883933872   0.469680803923496 2.933174686746707  -1.246560954212624   3.057311771737234 0.563334238467673   0.168402393221174];

nus(3,:)=[0.001525400000000  -0.01081760000000   0.000567500000000 0.003447400000000  -0.001465100000000   0.003593300000000 0.000169600000000   0.000050700000000];
Gs(3,:)=[0.412681221469873  -2.926589996966370   0.153531266018194 0.765631665026562  -0.325383463604576   0.798034536734915 0.500313643056536   0.149563099663717];

nus(4,:)=[0.004510400000  -0.006620400000   0.000567500000000 0.003447400000000  -0.001465100000000   0.003593300000000 0.000169600000000   0.000050700000000];
Gs(4,:)=[3.711857887251127  -5.448293711590404   0.467027170764237 2.903581876213054  -1.233984396020115   3.026466541682533 0.562683865599306   0.168207971614887];

nus(5,:)=[0.02480840000  -0.02640720000   0.000567500000000 0.003447400000000  -0.001465100000000   0.003593300000000 0.000169600000000   0.000050700000000];
Gs(5,:)=[28.329625899241861 -30.155354518891169   0.648049156649351 5.455005454349402  -2.318306112191016   5.685870829933777 0.613420250844245   0.183375039609689]; 